21 36
21 37
21 38
21 39
21 40
21 41
21 42
21 43
21 44
22 35
22 36
22 37
22 38
22 39
22 40
22 41
22 42
22 43
22 44
22 45
23 33
23 34
23 35
23 36
23 37
23 38
23 39
23 40
23 41
23 42
23 43
23 44
23 45
23 46
23 47
24 33
24 34
24 35
24 36
24 37
24 38
24 39
24 40
24 41
24 42
24 43
24 44
24 45
24 46
24 47
25 32
25 33
25 34
25 35
25 36
25 37
25 38
25 39
25 40
25 41
25 42
25 43
25 44
25 45
25 46
25 47
25 48
26 31
26 32
26 33
26 34
26 35
26 36
26 37
26 38
26 39
26 40
26 41
26 42
26 43
26 44
26 45
26 46
26 47
26 48
26 49
27 31
27 32
27 33
27 34
27 35
27 36
27 37
27 38
27 39
27 40
27 41
27 42
27 43
27 44
27 45
27 46
27 47
27 48
27 49
28 31
28 32
28 33
28 34
28 35
28 36
28 37
28 38
28 39
28 40
28 41
28 42
28 43
28 44
28 45
28 46
28 47
28 48
28 49
29 31
29 32
29 33
29 34
29 35
29 36
29 37
29 38
29 39
29 40
29 41
29 42
29 43
29 44
29 45
29 46
29 47
29 48
29 49
30 31
30 32
30 33
30 34
30 35
30 36
30 37
30 38
30 39
30 40
30 41
30 42
30 43
30 44
30 45
30 46
30 47
30 48
30 49
31 31
31 32
31 33
31 34
31 35
31 36
31 37
31 38
31 39
31 40
31 41
31 42
31 43
31 44
31 45
31 46
31 47
31 48
31 49
32 31
32 32
32 33
32 34
32 35
32 36
32 37
32 38
32 39
32 40
32 41
32 42
32 43
32 44
32 45
32 46
32 47
32 48
32 49
33 31
33 32
33 33
33 34
33 35
33 36
33 37
33 38
33 39
33 40
33 41
33 42
33 43
33 44
33 45
33 46
33 47
33 48
33 49
34 31
34 32
34 33
34 34
34 35
34 36
34 37
34 38
34 39
34 40
34 41
34 42
34 43
34 44
34 45
34 46
34 47
34 48
34 49
35 32
35 33
35 34
35 35
35 36
35 37
35 38
35 39
35 40
35 41
35 42
35 43
35 44
35 45
35 46
35 47
35 48
36 33
36 34
36 35
36 36
36 37
36 38
36 39
36 40
36 41
36 42
36 43
36 44
36 45
36 46
36 47
37 33
37 34
37 35
37 36
37 37
37 38
37 39
37 40
37 41
37 42
37 43
37 44
37 45
37 46
37 47
38 35
38 36
38 37
38 38
38 39
38 40
38 41
38 42
38 43
38 44
38 45
39 36
39 37
39 38
39 39
39 40
39 41
39 42
39 43
39 44
61 36
61 37
61 38
61 39
61 40
61 41
61 42
61 43
61 44
62 35
62 36
62 37
62 38
62 39
62 40
62 41
62 42
62 43
62 44
62 45
63 33
63 34
63 35
63 36
63 37
63 38
63 39
63 40
63 41
63 42
63 43
63 44
63 45
63 46
63 47
64 33
64 34
64 35
64 36
64 37
64 38
64 39
64 40
64 41
64 42
64 43
64 44
64 45
64 46
64 47
65 32
65 33
65 34
65 35
65 36
65 37
65 38
65 39
65 40
65 41
65 42
65 43
65 44
65 45
65 46
65 47
65 48
66 31
66 32
66 33
66 34
66 35
66 36
66 37
66 38
66 39
66 40
66 41
66 42
66 43
66 44
66 45
66 46
66 47
66 48
66 49
67 31
67 32
67 33
67 34
67 35
67 36
67 37
67 38
67 39
67 40
67 41
67 42
67 43
67 44
67 45
67 46
67 47
67 48
67 49
68 31
68 32
68 33
68 34
68 35
68 36
68 37
68 38
68 39
68 40
68 41
68 42
68 43
68 44
68 45
68 46
68 47
68 48
68 49
69 31
69 32
69 33
69 34
69 35
69 36
69 37
69 38
69 39
69 40
69 41
69 42
69 43
69 44
69 45
69 46
69 47
69 48
69 49
70 31
70 32
70 33
70 34
70 35
70 36
70 37
70 38
70 39
70 40
70 41
70 42
70 43
70 44
70 45
70 46
70 47
70 48
70 49
71 31
71 32
71 33
71 34
71 35
71 36
71 37
71 38
71 39
71 40
71 41
71 42
71 43
71 44
71 45
71 46
71 47
71 48
71 49
72 31
72 32
72 33
72 34
72 35
72 36
72 37
72 38
72 39
72 40
72 41
72 42
72 43
72 44
72 45
72 46
72 47
72 48
72 49
73 31
73 32
73 33
73 34
73 35
73 36
73 37
73 38
73 39
73 40
73 41
73 42
73 43
73 44
73 45
73 46
73 47
73 48
73 49
74 31
74 32
74 33
74 34
74 35
74 36
74 37
74 38
74 39
74 40
74 41
74 42
74 43
74 44
74 45
74 46
74 47
74 48
74 49
75 32
75 33
75 34
75 35
75 36
75 37
75 38
75 39
75 40
75 41
75 42
75 43
75 44
75 45
75 46
75 47
75 48
76 33
76 34
76 35
76 36
76 37
76 38
76 39
76 40
76 41
76 42
76 43
76 44
76 45
76 46
76 47
77 33
77 34
77 35
77 36
77 37
77 38
77 39
77 40
77 41
77 42
77 43
77 44
77 45
77 46
77 47
78 35
78 36
78 37
78 38
78 39
78 40
78 41
78 42
78 43
78 44
78 45
79 36
79 37
79 38
79 39
79 40
79 41
79 42
79 43
79 44
101 36
101 37
101 38
101 39
101 40
101 41
101 42
101 43
101 44
102 35
102 36
102 37
102 38
102 39
102 40
102 41
102 42
102 43
102 44
102 45
103 33
103 34
103 35
103 36
103 37
103 38
103 39
103 40
103 41
103 42
103 43
103 44
103 45
103 46
103 47
104 33
104 34
104 35
104 36
104 37
104 38
104 39
104 40
104 41
104 42
104 43
104 44
104 45
104 46
104 47
105 32
105 33
105 34
105 35
105 36
105 37
105 38
105 39
105 40
105 41
105 42
105 43
105 44
105 45
105 46
105 47
105 48
106 31
106 32
106 33
106 34
106 35
106 36
106 37
106 38
106 39
106 40
106 41
106 42
106 43
106 44
106 45
106 46
106 47
106 48
106 49
107 31
107 32
107 33
107 34
107 35
107 36
107 37
107 38
107 39
107 40
107 41
107 42
107 43
107 44
107 45
107 46
107 47
107 48
107 49
108 31
108 32
108 33
108 34
108 35
108 36
108 37
108 38
108 39
108 40
108 41
108 42
108 43
108 44
108 45
108 46
108 47
108 48
108 49
109 31
109 32
109 33
109 34
109 35
109 36
109 37
109 38
109 39
109 40
109 41
109 42
109 43
109 44
109 45
109 46
109 47
109 48
109 49
110 31
110 32
110 33
110 34
110 35
110 36
110 37
110 38
110 39
110 40
110 41
110 42
110 43
110 44
110 45
110 46
110 47
110 48
110 49
111 31
111 32
111 33
111 34
111 35
111 36
111 37
111 38
111 39
111 40
111 41
111 42
111 43
111 44
111 45
111 46
111 47
111 48
111 49
112 31
112 32
112 33
112 34
112 35
112 36
112 37
112 38
112 39
112 40
112 41
112 42
112 43
112 44
112 45
112 46
112 47
112 48
112 49
113 31
113 32
113 33
113 34
113 35
113 36
113 37
113 38
113 39
113 40
113 41
113 42
113 43
113 44
113 45
113 46
113 47
113 48
113 49
114 31
114 32
114 33
114 34
114 35
114 36
114 37
114 38
114 39
114 40
114 41
114 42
114 43
114 44
114 45
114 46
114 47
114 48
114 49
115 32
115 33
115 34
115 35
115 36
115 37
115 38
115 39
115 40
115 41
115 42
115 43
115 44
115 45
115 46
115 47
115 48
116 33
116 34
116 35
116 36
116 37
116 38
116 39
116 40
116 41
116 42
116 43
116 44
116 45
116 46
116 47
117 33
117 34
117 35
117 36
117 37
117 38
117 39
117 40
117 41
117 42
117 43
117 44
117 45
117 46
117 47
118 35
118 36
118 37
118 38
118 39
118 40
118 41
118 42
118 43
118 44
118 45
119 36
119 37
119 38
119 39
119 40
119 41
119 42
119 43
119 44
141 36
141 37
141 38
141 39
141 40
141 41
141 42
141 43
141 44
142 35
142 36
142 37
142 38
142 39
142 40
142 41
142 42
142 43
142 44
142 45
143 33
143 34
143 35
143 36
143 37
143 38
143 39
143 40
143 41
143 42
143 43
143 44
143 45
143 46
143 47
144 33
144 34
144 35
144 36
144 37
144 38
144 39
144 40
144 41
144 42
144 43
144 44
144 45
144 46
144 47
145 32
145 33
145 34
145 35
145 36
145 37
145 38
145 39
145 40
145 41
145 42
145 43
145 44
145 45
145 46
145 47
145 48
146 31
146 32
146 33
146 34
146 35
146 36
146 37
146 38
146 39
146 40
146 41
146 42
146 43
146 44
146 45
146 46
146 47
146 48
146 49
147 31
147 32
147 33
147 34
147 35
147 36
147 37
147 38
147 39
147 40
147 41
147 42
147 43
147 44
147 45
147 46
147 47
147 48
147 49
148 31
148 32
148 33
148 34
148 35
148 36
148 37
148 38
148 39
148 40
148 41
148 42
148 43
148 44
148 45
148 46
148 47
148 48
148 49
149 31
149 32
149 33
149 34
149 35
149 36
149 37
149 38
149 39
149 40
149 41
149 42
149 43
149 44
149 45
149 46
149 47
149 48
149 49
150 31
150 32
150 33
150 34
150 35
150 36
150 37
150 38
150 39
150 40
150 41
150 42
150 43
150 44
150 45
150 46
150 47
150 48
150 49
151 31
151 32
151 33
151 34
151 35
151 36
151 37
151 38
151 39
151 40
151 41
151 42
151 43
151 44
151 45
151 46
151 47
151 48
151 49
152 31
152 32
152 33
152 34
152 35
152 36
152 37
152 38
152 39
152 40
152 41
152 42
152 43
152 44
152 45
152 46
152 47
152 48
152 49
153 31
153 32
153 33
153 34
153 35
153 36
153 37
153 38
153 39
153 40
153 41
153 42
153 43
153 44
153 45
153 46
153 47
153 48
153 49
154 31
154 32
154 33
154 34
154 35
154 36
154 37
154 38
154 39
154 40
154 41
154 42
154 43
154 44
154 45
154 46
154 47
154 48
154 49
155 32
155 33
155 34
155 35
155 36
155 37
155 38
155 39
155 40
155 41
155 42
155 43
155 44
155 45
155 46
155 47
155 48
156 33
156 34
156 35
156 36
156 37
156 38
156 39
156 40
156 41
156 42
156 43
156 44
156 45
156 46
156 47
157 33
157 34
157 35
157 36
157 37
157 38
157 39
157 40
157 41
157 42
157 43
157 44
157 45
157 46
157 47
158 35
158 36
158 37
158 38
158 39
158 40
158 41
158 42
158 43
158 44
158 45
159 36
159 37
159 38
159 39
159 40
159 41
159 42
159 43
159 44
181 36
181 37
181 38
181 39
181 40
181 41
181 42
181 43
181 44
182 35
182 36
182 37
182 38
182 39
182 40
182 41
182 42
182 43
182 44
182 45
183 33
183 34
183 35
183 36
183 37
183 38
183 39
183 40
183 41
183 42
183 43
183 44
183 45
183 46
183 47
184 33
184 34
184 35
184 36
184 37
184 38
184 39
184 40
184 41
184 42
184 43
184 44
184 45
184 46
184 47
185 32
185 33
185 34
185 35
185 36
185 37
185 38
185 39
185 40
185 41
185 42
185 43
185 44
185 45
185 46
185 47
185 48
186 31
186 32
186 33
186 34
186 35
186 36
186 37
186 38
186 39
186 40
186 41
186 42
186 43
186 44
186 45
186 46
186 47
186 48
186 49
187 31
187 32
187 33
187 34
187 35
187 36
187 37
187 38
187 39
187 40
187 41
187 42
187 43
187 44
187 45
187 46
187 47
187 48
187 49
188 31
188 32
188 33
188 34
188 35
188 36
188 37
188 38
188 39
188 40
188 41
188 42
188 43
188 44
188 45
188 46
188 47
188 48
188 49
189 31
189 32
189 33
189 34
189 35
189 36
189 37
189 38
189 39
189 40
189 41
189 42
189 43
189 44
189 45
189 46
189 47
189 48
189 49
190 31
190 32
190 33
190 34
190 35
190 36
190 37
190 38
190 39
190 40
190 41
190 42
190 43
190 44
190 45
190 46
190 47
190 48
190 49
191 31
191 32
191 33
191 34
191 35
191 36
191 37
191 38
191 39
191 40
191 41
191 42
191 43
191 44
191 45
191 46
191 47
191 48
191 49
192 31
192 32
192 33
192 34
192 35
192 36
192 37
192 38
192 39
192 40
192 41
192 42
192 43
192 44
192 45
192 46
192 47
192 48
192 49
193 31
193 32
193 33
193 34
193 35
193 36
193 37
193 38
193 39
193 40
193 41
193 42
193 43
193 44
193 45
193 46
193 47
193 48
193 49
194 31
194 32
194 33
194 34
194 35
194 36
194 37
194 38
194 39
194 40
194 41
194 42
194 43
194 44
194 45
194 46
194 47
194 48
194 49
195 32
195 33
195 34
195 35
195 36
195 37
195 38
195 39
195 40
195 41
195 42
195 43
195 44
195 45
195 46
195 47
195 48
196 33
196 34
196 35
196 36
196 37
196 38
196 39
196 40
196 41
196 42
196 43
196 44
196 45
196 46
196 47
197 33
197 34
197 35
197 36
197 37
197 38
197 39
197 40
197 41
197 42
197 43
197 44
197 45
197 46
197 47
198 35
198 36
198 37
198 38
198 39
198 40
198 41
198 42
198 43
198 44
198 45
199 36
199 37
199 38
199 39
199 40
199 41
199 42
199 43
199 44
41 76
41 77
41 78
41 79
41 80
41 81
41 82
41 83
41 84
42 75
42 76
42 77
42 78
42 79
42 80
42 81
42 82
42 83
42 84
42 85
43 73
43 74
43 75
43 76
43 77
43 78
43 79
43 80
43 81
43 82
43 83
43 84
43 85
43 86
43 87
44 73
44 74
44 75
44 76
44 77
44 78
44 79
44 80
44 81
44 82
44 83
44 84
44 85
44 86
44 87
45 72
45 73
45 74
45 75
45 76
45 77
45 78
45 79
45 80
45 81
45 82
45 83
45 84
45 85
45 86
45 87
45 88
46 71
46 72
46 73
46 74
46 75
46 76
46 77
46 78
46 79
46 80
46 81
46 82
46 83
46 84
46 85
46 86
46 87
46 88
46 89
47 71
47 72
47 73
47 74
47 75
47 76
47 77
47 78
47 79
47 80
47 81
47 82
47 83
47 84
47 85
47 86
47 87
47 88
47 89
48 71
48 72
48 73
48 74
48 75
48 76
48 77
48 78
48 79
48 80
48 81
48 82
48 83
48 84
48 85
48 86
48 87
48 88
48 89
49 71
49 72
49 73
49 74
49 75
49 76
49 77
49 78
49 79
49 80
49 81
49 82
49 83
49 84
49 85
49 86
49 87
49 88
49 89
50 71
50 72
50 73
50 74
50 75
50 76
50 77
50 78
50 79
50 80
50 81
50 82
50 83
50 84
50 85
50 86
50 87
50 88
50 89
51 71
51 72
51 73
51 74
51 75
51 76
51 77
51 78
51 79
51 80
51 81
51 82
51 83
51 84
51 85
51 86
51 87
51 88
51 89
52 71
52 72
52 73
52 74
52 75
52 76
52 77
52 78
52 79
52 80
52 81
52 82
52 83
52 84
52 85
52 86
52 87
52 88
52 89
53 71
53 72
53 73
53 74
53 75
53 76
53 77
53 78
53 79
53 80
53 81
53 82
53 83
53 84
53 85
53 86
53 87
53 88
53 89
54 71
54 72
54 73
54 74
54 75
54 76
54 77
54 78
54 79
54 80
54 81
54 82
54 83
54 84
54 85
54 86
54 87
54 88
54 89
55 72
55 73
55 74
55 75
55 76
55 77
55 78
55 79
55 80
55 81
55 82
55 83
55 84
55 85
55 86
55 87
55 88
56 73
56 74
56 75
56 76
56 77
56 78
56 79
56 80
56 81
56 82
56 83
56 84
56 85
56 86
56 87
57 73
57 74
57 75
57 76
57 77
57 78
57 79
57 80
57 81
57 82
57 83
57 84
57 85
57 86
57 87
58 75
58 76
58 77
58 78
58 79
58 80
58 81
58 82
58 83
58 84
58 85
59 76
59 77
59 78
59 79
59 80
59 81
59 82
59 83
59 84
81 76
81 77
81 78
81 79
81 80
81 81
81 82
81 83
81 84
82 75
82 76
82 77
82 78
82 79
82 80
82 81
82 82
82 83
82 84
82 85
83 73
83 74
83 75
83 76
83 77
83 78
83 79
83 80
83 81
83 82
83 83
83 84
83 85
83 86
83 87
84 73
84 74
84 75
84 76
84 77
84 78
84 79
84 80
84 81
84 82
84 83
84 84
84 85
84 86
84 87
85 72
85 73
85 74
85 75
85 76
85 77
85 78
85 79
85 80
85 81
85 82
85 83
85 84
85 85
85 86
85 87
85 88
86 71
86 72
86 73
86 74
86 75
86 76
86 77
86 78
86 79
86 80
86 81
86 82
86 83
86 84
86 85
86 86
86 87
86 88
86 89
87 71
87 72
87 73
87 74
87 75
87 76
87 77
87 78
87 79
87 80
87 81
87 82
87 83
87 84
87 85
87 86
87 87
87 88
87 89
88 71
88 72
88 73
88 74
88 75
88 76
88 77
88 78
88 79
88 80
88 81
88 82
88 83
88 84
88 85
88 86
88 87
88 88
88 89
89 71
89 72
89 73
89 74
89 75
89 76
89 77
89 78
89 79
89 80
89 81
89 82
89 83
89 84
89 85
89 86
89 87
89 88
89 89
90 71
90 72
90 73
90 74
90 75
90 76
90 77
90 78
90 79
90 80
90 81
90 82
90 83
90 84
90 85
90 86
90 87
90 88
90 89
91 71
91 72
91 73
91 74
91 75
91 76
91 77
91 78
91 79
91 80
91 81
91 82
91 83
91 84
91 85
91 86
91 87
91 88
91 89
92 71
92 72
92 73
92 74
92 75
92 76
92 77
92 78
92 79
92 80
92 81
92 82
92 83
92 84
92 85
92 86
92 87
92 88
92 89
93 71
93 72
93 73
93 74
93 75
93 76
93 77
93 78
93 79
93 80
93 81
93 82
93 83
93 84
93 85
93 86
93 87
93 88
93 89
94 71
94 72
94 73
94 74
94 75
94 76
94 77
94 78
94 79
94 80
94 81
94 82
94 83
94 84
94 85
94 86
94 87
94 88
94 89
95 72
95 73
95 74
95 75
95 76
95 77
95 78
95 79
95 80
95 81
95 82
95 83
95 84
95 85
95 86
95 87
95 88
96 73
96 74
96 75
96 76
96 77
96 78
96 79
96 80
96 81
96 82
96 83
96 84
96 85
96 86
96 87
97 73
97 74
97 75
97 76
97 77
97 78
97 79
97 80
97 81
97 82
97 83
97 84
97 85
97 86
97 87
98 75
98 76
98 77
98 78
98 79
98 80
98 81
98 82
98 83
98 84
98 85
99 76
99 77
99 78
99 79
99 80
99 81
99 82
99 83
99 84
121 76
121 77
121 78
121 79
121 80
121 81
121 82
121 83
121 84
122 75
122 76
122 77
122 78
122 79
122 80
122 81
122 82
122 83
122 84
122 85
123 73
123 74
123 75
123 76
123 77
123 78
123 79
123 80
123 81
123 82
123 83
123 84
123 85
123 86
123 87
124 73
124 74
124 75
124 76
124 77
124 78
124 79
124 80
124 81
124 82
124 83
124 84
124 85
124 86
124 87
125 72
125 73
125 74
125 75
125 76
125 77
125 78
125 79
125 80
125 81
125 82
125 83
125 84
125 85
125 86
125 87
125 88
126 71
126 72
126 73
126 74
126 75
126 76
126 77
126 78
126 79
126 80
126 81
126 82
126 83
126 84
126 85
126 86
126 87
126 88
126 89
127 71
127 72
127 73
127 74
127 75
127 76
127 77
127 78
127 79
127 80
127 81
127 82
127 83
127 84
127 85
127 86
127 87
127 88
127 89
128 71
128 72
128 73
128 74
128 75
128 76
128 77
128 78
128 79
128 80
128 81
128 82
128 83
128 84
128 85
128 86
128 87
128 88
128 89
129 71
129 72
129 73
129 74
129 75
129 76
129 77
129 78
129 79
129 80
129 81
129 82
129 83
129 84
129 85
129 86
129 87
129 88
129 89
130 71
130 72
130 73
130 74
130 75
130 76
130 77
130 78
130 79
130 80
130 81
130 82
130 83
130 84
130 85
130 86
130 87
130 88
130 89
131 71
131 72
131 73
131 74
131 75
131 76
131 77
131 78
131 79
131 80
131 81
131 82
131 83
131 84
131 85
131 86
131 87
131 88
131 89
132 71
132 72
132 73
132 74
132 75
132 76
132 77
132 78
132 79
132 80
132 81
132 82
132 83
132 84
132 85
132 86
132 87
132 88
132 89
133 71
133 72
133 73
133 74
133 75
133 76
133 77
133 78
133 79
133 80
133 81
133 82
133 83
133 84
133 85
133 86
133 87
133 88
133 89
134 71
134 72
134 73
134 74
134 75
134 76
134 77
134 78
134 79
134 80
134 81
134 82
134 83
134 84
134 85
134 86
134 87
134 88
134 89
135 72
135 73
135 74
135 75
135 76
135 77
135 78
135 79
135 80
135 81
135 82
135 83
135 84
135 85
135 86
135 87
135 88
136 73
136 74
136 75
136 76
136 77
136 78
136 79
136 80
136 81
136 82
136 83
136 84
136 85
136 86
136 87
137 73
137 74
137 75
137 76
137 77
137 78
137 79
137 80
137 81
137 82
137 83
137 84
137 85
137 86
137 87
138 75
138 76
138 77
138 78
138 79
138 80
138 81
138 82
138 83
138 84
138 85
139 76
139 77
139 78
139 79
139 80
139 81
139 82
139 83
139 84
161 76
161 77
161 78
161 79
161 80
161 81
161 82
161 83
161 84
162 75
162 76
162 77
162 78
162 79
162 80
162 81
162 82
162 83
162 84
162 85
163 73
163 74
163 75
163 76
163 77
163 78
163 79
163 80
163 81
163 82
163 83
163 84
163 85
163 86
163 87
164 73
164 74
164 75
164 76
164 77
164 78
164 79
164 80
164 81
164 82
164 83
164 84
164 85
164 86
164 87
165 72
165 73
165 74
165 75
165 76
165 77
165 78
165 79
165 80
165 81
165 82
165 83
165 84
165 85
165 86
165 87
165 88
166 71
166 72
166 73
166 74
166 75
166 76
166 77
166 78
166 79
166 80
166 81
166 82
166 83
166 84
166 85
166 86
166 87
166 88
166 89
167 71
167 72
167 73
167 74
167 75
167 76
167 77
167 78
167 79
167 80
167 81
167 82
167 83
167 84
167 85
167 86
167 87
167 88
167 89
168 71
168 72
168 73
168 74
168 75
168 76
168 77
168 78
168 79
168 80
168 81
168 82
168 83
168 84
168 85
168 86
168 87
168 88
168 89
169 71
169 72
169 73
169 74
169 75
169 76
169 77
169 78
169 79
169 80
169 81
169 82
169 83
169 84
169 85
169 86
169 87
169 88
169 89
170 71
170 72
170 73
170 74
170 75
170 76
170 77
170 78
170 79
170 80
170 81
170 82
170 83
170 84
170 85
170 86
170 87
170 88
170 89
171 71
171 72
171 73
171 74
171 75
171 76
171 77
171 78
171 79
171 80
171 81
171 82
171 83
171 84
171 85
171 86
171 87
171 88
171 89
172 71
172 72
172 73
172 74
172 75
172 76
172 77
172 78
172 79
172 80
172 81
172 82
172 83
172 84
172 85
172 86
172 87
172 88
172 89
173 71
173 72
173 73
173 74
173 75
173 76
173 77
173 78
173 79
173 80
173 81
173 82
173 83
173 84
173 85
173 86
173 87
173 88
173 89
174 71
174 72
174 73
174 74
174 75
174 76
174 77
174 78
174 79
174 80
174 81
174 82
174 83
174 84
174 85
174 86
174 87
174 88
174 89
175 72
175 73
175 74
175 75
175 76
175 77
175 78
175 79
175 80
175 81
175 82
175 83
175 84
175 85
175 86
175 87
175 88
176 73
176 74
176 75
176 76
176 77
176 78
176 79
176 80
176 81
176 82
176 83
176 84
176 85
176 86
176 87
177 73
177 74
177 75
177 76
177 77
177 78
177 79
177 80
177 81
177 82
177 83
177 84
177 85
177 86
177 87
178 75
178 76
178 77
178 78
178 79
178 80
178 81
178 82
178 83
178 84
178 85
179 76
179 77
179 78
179 79
179 80
179 81
179 82
179 83
179 84
201 76
201 77
201 78
201 79
201 80
201 81
201 82
201 83
201 84
202 75
202 76
202 77
202 78
202 79
202 80
202 81
202 82
202 83
202 84
202 85
203 73
203 74
203 75
203 76
203 77
203 78
203 79
203 80
203 81
203 82
203 83
203 84
203 85
203 86
203 87
204 73
204 74
204 75
204 76
204 77
204 78
204 79
204 80
204 81
204 82
204 83
204 84
204 85
204 86
204 87
205 72
205 73
205 74
205 75
205 76
205 77
205 78
205 79
205 80
205 81
205 82
205 83
205 84
205 85
205 86
205 87
205 88
206 71
206 72
206 73
206 74
206 75
206 76
206 77
206 78
206 79
206 80
206 81
206 82
206 83
206 84
206 85
206 86
206 87
206 88
206 89
207 71
207 72
207 73
207 74
207 75
207 76
207 77
207 78
207 79
207 80
207 81
207 82
207 83
207 84
207 85
207 86
207 87
207 88
207 89
208 71
208 72
208 73
208 74
208 75
208 76
208 77
208 78
208 79
208 80
208 81
208 82
208 83
208 84
208 85
208 86
208 87
208 88
208 89
209 71
209 72
209 73
209 74
209 75
209 76
209 77
209 78
209 79
209 80
209 81
209 82
209 83
209 84
209 85
209 86
209 87
209 88
209 89
210 71
210 72
210 73
210 74
210 75
210 76
210 77
210 78
210 79
210 80
210 81
210 82
210 83
210 84
210 85
210 86
210 87
210 88
210 89
211 71
211 72
211 73
211 74
211 75
211 76
211 77
211 78
211 79
211 80
211 81
211 82
211 83
211 84
211 85
211 86
211 87
211 88
211 89
212 71
212 72
212 73
212 74
212 75
212 76
212 77
212 78
212 79
212 80
212 81
212 82
212 83
212 84
212 85
212 86
212 87
212 88
212 89
213 71
213 72
213 73
213 74
213 75
213 76
213 77
213 78
213 79
213 80
213 81
213 82
213 83
213 84
213 85
213 86
213 87
213 88
213 89
214 71
214 72
214 73
214 74
214 75
214 76
214 77
214 78
214 79
214 80
214 81
214 82
214 83
214 84
214 85
214 86
214 87
214 88
214 89
215 72
215 73
215 74
215 75
215 76
215 77
215 78
215 79
215 80
215 81
215 82
215 83
215 84
215 85
215 86
215 87
215 88
216 73
216 74
216 75
216 76
216 77
216 78
216 79
216 80
216 81
216 82
216 83
216 84
216 85
216 86
216 87
217 73
217 74
217 75
217 76
217 77
217 78
217 79
217 80
217 81
217 82
217 83
217 84
217 85
217 86
217 87
218 75
218 76
218 77
218 78
218 79
218 80
218 81
218 82
218 83
218 84
218 85
219 76
219 77
219 78
219 79
219 80
219 81
219 82
219 83
219 84
21 116
21 117
21 118
21 119
21 120
21 121
21 122
21 123
21 124
22 115
22 116
22 117
22 118
22 119
22 120
22 121
22 122
22 123
22 124
22 125
23 113
23 114
23 115
23 116
23 117
23 118
23 119
23 120
23 121
23 122
23 123
23 124
23 125
23 126
23 127
24 113
24 114
24 115
24 116
24 117
24 118
24 119
24 120
24 121
24 122
24 123
24 124
24 125
24 126
24 127
25 112
25 113
25 114
25 115
25 116
25 117
25 118
25 119
25 120
25 121
25 122
25 123
25 124
25 125
25 126
25 127
25 128
26 111
26 112
26 113
26 114
26 115
26 116
26 117
26 118
26 119
26 120
26 121
26 122
26 123
26 124
26 125
26 126
26 127
26 128
26 129
27 111
27 112
27 113
27 114
27 115
27 116
27 117
27 118
27 119
27 120
27 121
27 122
27 123
27 124
27 125
27 126
27 127
27 128
27 129
28 111
28 112
28 113
28 114
28 115
28 116
28 117
28 118
28 119
28 120
28 121
28 122
28 123
28 124
28 125
28 126
28 127
28 128
28 129
29 111
29 112
29 113
29 114
29 115
29 116
29 117
29 118
29 119
29 120
29 121
29 122
29 123
29 124
29 125
29 126
29 127
29 128
29 129
30 111
30 112
30 113
30 114
30 115
30 116
30 117
30 118
30 119
30 120
30 121
30 122
30 123
30 124
30 125
30 126
30 127
30 128
30 129
31 111
31 112
31 113
31 114
31 115
31 116
31 117
31 118
31 119
31 120
31 121
31 122
31 123
31 124
31 125
31 126
31 127
31 128
31 129
32 111
32 112
32 113
32 114
32 115
32 116
32 117
32 118
32 119
32 120
32 121
32 122
32 123
32 124
32 125
32 126
32 127
32 128
32 129
33 111
33 112
33 113
33 114
33 115
33 116
33 117
33 118
33 119
33 120
33 121
33 122
33 123
33 124
33 125
33 126
33 127
33 128
33 129
34 111
34 112
34 113
34 114
34 115
34 116
34 117
34 118
34 119
34 120
34 121
34 122
34 123
34 124
34 125
34 126
34 127
34 128
34 129
35 112
35 113
35 114
35 115
35 116
35 117
35 118
35 119
35 120
35 121
35 122
35 123
35 124
35 125
35 126
35 127
35 128
36 113
36 114
36 115
36 116
36 117
36 118
36 119
36 120
36 121
36 122
36 123
36 124
36 125
36 126
36 127
37 113
37 114
37 115
37 116
37 117
37 118
37 119
37 120
37 121
37 122
37 123
37 124
37 125
37 126
37 127
38 115
38 116
38 117
38 118
38 119
38 120
38 121
38 122
38 123
38 124
38 125
39 116
39 117
39 118
39 119
39 120
39 121
39 122
39 123
39 124
61 116
61 117
61 118
61 119
61 120
61 121
61 122
61 123
61 124
62 115
62 116
62 117
62 118
62 119
62 120
62 121
62 122
62 123
62 124
62 125
63 113
63 114
63 115
63 116
63 117
63 118
63 119
63 120
63 121
63 122
63 123
63 124
63 125
63 126
63 127
64 113
64 114
64 115
64 116
64 117
64 118
64 119
64 120
64 121
64 122
64 123
64 124
64 125
64 126
64 127
65 112
65 113
65 114
65 115
65 116
65 117
65 118
65 119
65 120
65 121
65 122
65 123
65 124
65 125
65 126
65 127
65 128
66 111
66 112
66 113
66 114
66 115
66 116
66 117
66 118
66 119
66 120
66 121
66 122
66 123
66 124
66 125
66 126
66 127
66 128
66 129
67 111
67 112
67 113
67 114
67 115
67 116
67 117
67 118
67 119
67 120
67 121
67 122
67 123
67 124
67 125
67 126
67 127
67 128
67 129
68 111
68 112
68 113
68 114
68 115
68 116
68 117
68 118
68 119
68 120
68 121
68 122
68 123
68 124
68 125
68 126
68 127
68 128
68 129
69 111
69 112
69 113
69 114
69 115
69 116
69 117
69 118
69 119
69 120
69 121
69 122
69 123
69 124
69 125
69 126
69 127
69 128
69 129
70 111
70 112
70 113
70 114
70 115
70 116
70 117
70 118
70 119
70 120
70 121
70 122
70 123
70 124
70 125
70 126
70 127
70 128
70 129
71 111
71 112
71 113
71 114
71 115
71 116
71 117
71 118
71 119
71 120
71 121
71 122
71 123
71 124
71 125
71 126
71 127
71 128
71 129
72 111
72 112
72 113
72 114
72 115
72 116
72 117
72 118
72 119
72 120
72 121
72 122
72 123
72 124
72 125
72 126
72 127
72 128
72 129
73 111
73 112
73 113
73 114
73 115
73 116
73 117
73 118
73 119
73 120
73 121
73 122
73 123
73 124
73 125
73 126
73 127
73 128
73 129
74 111
74 112
74 113
74 114
74 115
74 116
74 117
74 118
74 119
74 120
74 121
74 122
74 123
74 124
74 125
74 126
74 127
74 128
74 129
75 112
75 113
75 114
75 115
75 116
75 117
75 118
75 119
75 120
75 121
75 122
75 123
75 124
75 125
75 126
75 127
75 128
76 113
76 114
76 115
76 116
76 117
76 118
76 119
76 120
76 121
76 122
76 123
76 124
76 125
76 126
76 127
77 113
77 114
77 115
77 116
77 117
77 118
77 119
77 120
77 121
77 122
77 123
77 124
77 125
77 126
77 127
78 115
78 116
78 117
78 118
78 119
78 120
78 121
78 122
78 123
78 124
78 125
79 116
79 117
79 118
79 119
79 120
79 121
79 122
79 123
79 124
101 116
101 117
101 118
101 119
101 120
101 121
101 122
101 123
101 124
102 115
102 116
102 117
102 118
102 119
102 120
102 121
102 122
102 123
102 124
102 125
103 113
103 114
103 115
103 116
103 117
103 118
103 119
103 120
103 121
103 122
103 123
103 124
103 125
103 126
103 127
104 113
104 114
104 115
104 116
104 117
104 118
104 119
104 120
104 121
104 122
104 123
104 124
104 125
104 126
104 127
105 112
105 113
105 114
105 115
105 116
105 117
105 118
105 119
105 120
105 121
105 122
105 123
105 124
105 125
105 126
105 127
105 128
106 111
106 112
106 113
106 114
106 115
106 116
106 117
106 118
106 119
106 120
106 121
106 122
106 123
106 124
106 125
106 126
106 127
106 128
106 129
107 111
107 112
107 113
107 114
107 115
107 116
107 117
107 118
107 119
107 120
107 121
107 122
107 123
107 124
107 125
107 126
107 127
107 128
107 129
108 111
108 112
108 113
108 114
108 115
108 116
108 117
108 118
108 119
108 120
108 121
108 122
108 123
108 124
108 125
108 126
108 127
108 128
108 129
109 111
109 112
109 113
109 114
109 115
109 116
109 117
109 118
109 119
109 120
109 121
109 122
109 123
109 124
109 125
109 126
109 127
109 128
109 129
110 111
110 112
110 113
110 114
110 115
110 116
110 117
110 118
110 119
110 120
110 121
110 122
110 123
110 124
110 125
110 126
110 127
110 128
110 129
111 111
111 112
111 113
111 114
111 115
111 116
111 117
111 118
111 119
111 120
111 121
111 122
111 123
111 124
111 125
111 126
111 127
111 128
111 129
112 111
112 112
112 113
112 114
112 115
112 116
112 117
112 118
112 119
112 120
112 121
112 122
112 123
112 124
112 125
112 126
112 127
112 128
112 129
113 111
113 112
113 113
113 114
113 115
113 116
113 117
113 118
113 119
113 120
113 121
113 122
113 123
113 124
113 125
113 126
113 127
113 128
113 129
114 111
114 112
114 113
114 114
114 115
114 116
114 117
114 118
114 119
114 120
114 121
114 122
114 123
114 124
114 125
114 126
114 127
114 128
114 129
115 112
115 113
115 114
115 115
115 116
115 117
115 118
115 119
115 120
115 121
115 122
115 123
115 124
115 125
115 126
115 127
115 128
116 113
116 114
116 115
116 116
116 117
116 118
116 119
116 120
116 121
116 122
116 123
116 124
116 125
116 126
116 127
117 113
117 114
117 115
117 116
117 117
117 118
117 119
117 120
117 121
117 122
117 123
117 124
117 125
117 126
117 127
118 115
118 116
118 117
118 118
118 119
118 120
118 121
118 122
118 123
118 124
118 125
119 116
119 117
119 118
119 119
119 120
119 121
119 122
119 123
119 124
141 116
141 117
141 118
141 119
141 120
141 121
141 122
141 123
141 124
142 115
142 116
142 117
142 118
142 119
142 120
142 121
142 122
142 123
142 124
142 125
143 113
143 114
143 115
143 116
143 117
143 118
143 119
143 120
143 121
143 122
143 123
143 124
143 125
143 126
143 127
144 113
144 114
144 115
144 116
144 117
144 118
144 119
144 120
144 121
144 122
144 123
144 124
144 125
144 126
144 127
145 112
145 113
145 114
145 115
145 116
145 117
145 118
145 119
145 120
145 121
145 122
145 123
145 124
145 125
145 126
145 127
145 128
146 111
146 112
146 113
146 114
146 115
146 116
146 117
146 118
146 119
146 120
146 121
146 122
146 123
146 124
146 125
146 126
146 127
146 128
146 129
147 111
147 112
147 113
147 114
147 115
147 116
147 117
147 118
147 119
147 120
147 121
147 122
147 123
147 124
147 125
147 126
147 127
147 128
147 129
148 111
148 112
148 113
148 114
148 115
148 116
148 117
148 118
148 119
148 120
148 121
148 122
148 123
148 124
148 125
148 126
148 127
148 128
148 129
149 111
149 112
149 113
149 114
149 115
149 116
149 117
149 118
149 119
149 120
149 121
149 122
149 123
149 124
149 125
149 126
149 127
149 128
149 129
150 111
150 112
150 113
150 114
150 115
150 116
150 117
150 118
150 119
150 120
150 121
150 122
150 123
150 124
150 125
150 126
150 127
150 128
150 129
151 111
151 112
151 113
151 114
151 115
151 116
151 117
151 118
151 119
151 120
151 121
151 122
151 123
151 124
151 125
151 126
151 127
151 128
151 129
152 111
152 112
152 113
152 114
152 115
152 116
152 117
152 118
152 119
152 120
152 121
152 122
152 123
152 124
152 125
152 126
152 127
152 128
152 129
153 111
153 112
153 113
153 114
153 115
153 116
153 117
153 118
153 119
153 120
153 121
153 122
153 123
153 124
153 125
153 126
153 127
153 128
153 129
154 111
154 112
154 113
154 114
154 115
154 116
154 117
154 118
154 119
154 120
154 121
154 122
154 123
154 124
154 125
154 126
154 127
154 128
154 129
155 112
155 113
155 114
155 115
155 116
155 117
155 118
155 119
155 120
155 121
155 122
155 123
155 124
155 125
155 126
155 127
155 128
156 113
156 114
156 115
156 116
156 117
156 118
156 119
156 120
156 121
156 122
156 123
156 124
156 125
156 126
156 127
157 113
157 114
157 115
157 116
157 117
157 118
157 119
157 120
157 121
157 122
157 123
157 124
157 125
157 126
157 127
158 115
158 116
158 117
158 118
158 119
158 120
158 121
158 122
158 123
158 124
158 125
159 116
159 117
159 118
159 119
159 120
159 121
159 122
159 123
159 124
181 116
181 117
181 118
181 119
181 120
181 121
181 122
181 123
181 124
182 115
182 116
182 117
182 118
182 119
182 120
182 121
182 122
182 123
182 124
182 125
183 113
183 114
183 115
183 116
183 117
183 118
183 119
183 120
183 121
183 122
183 123
183 124
183 125
183 126
183 127
184 113
184 114
184 115
184 116
184 117
184 118
184 119
184 120
184 121
184 122
184 123
184 124
184 125
184 126
184 127
185 112
185 113
185 114
185 115
185 116
185 117
185 118
185 119
185 120
185 121
185 122
185 123
185 124
185 125
185 126
185 127
185 128
186 111
186 112
186 113
186 114
186 115
186 116
186 117
186 118
186 119
186 120
186 121
186 122
186 123
186 124
186 125
186 126
186 127
186 128
186 129
187 111
187 112
187 113
187 114
187 115
187 116
187 117
187 118
187 119
187 120
187 121
187 122
187 123
187 124
187 125
187 126
187 127
187 128
187 129
188 111
188 112
188 113
188 114
188 115
188 116
188 117
188 118
188 119
188 120
188 121
188 122
188 123
188 124
188 125
188 126
188 127
188 128
188 129
189 111
189 112
189 113
189 114
189 115
189 116
189 117
189 118
189 119
189 120
189 121
189 122
189 123
189 124
189 125
189 126
189 127
189 128
189 129
190 111
190 112
190 113
190 114
190 115
190 116
190 117
190 118
190 119
190 120
190 121
190 122
190 123
190 124
190 125
190 126
190 127
190 128
190 129
191 111
191 112
191 113
191 114
191 115
191 116
191 117
191 118
191 119
191 120
191 121
191 122
191 123
191 124
191 125
191 126
191 127
191 128
191 129
192 111
192 112
192 113
192 114
192 115
192 116
192 117
192 118
192 119
192 120
192 121
192 122
192 123
192 124
192 125
192 126
192 127
192 128
192 129
193 111
193 112
193 113
193 114
193 115
193 116
193 117
193 118
193 119
193 120
193 121
193 122
193 123
193 124
193 125
193 126
193 127
193 128
193 129
194 111
194 112
194 113
194 114
194 115
194 116
194 117
194 118
194 119
194 120
194 121
194 122
194 123
194 124
194 125
194 126
194 127
194 128
194 129
195 112
195 113
195 114
195 115
195 116
195 117
195 118
195 119
195 120
195 121
195 122
195 123
195 124
195 125
195 126
195 127
195 128
196 113
196 114
196 115
196 116
196 117
196 118
196 119
196 120
196 121
196 122
196 123
196 124
196 125
196 126
196 127
197 113
197 114
197 115
197 116
197 117
197 118
197 119
197 120
197 121
197 122
197 123
197 124
197 125
197 126
197 127
198 115
198 116
198 117
198 118
198 119
198 120
198 121
198 122
198 123
198 124
198 125
199 116
199 117
199 118
199 119
199 120
199 121
199 122
199 123
199 124
41 156
41 157
41 158
41 159
41 160
41 161
41 162
41 163
41 164
42 155
42 156
42 157
42 158
42 159
42 160
42 161
42 162
42 163
42 164
42 165
43 153
43 154
43 155
43 156
43 157
43 158
43 159
43 160
43 161
43 162
43 163
43 164
43 165
43 166
43 167
44 153
44 154
44 155
44 156
44 157
44 158
44 159
44 160
44 161
44 162
44 163
44 164
44 165
44 166
44 167
45 152
45 153
45 154
45 155
45 156
45 157
45 158
45 159
45 160
45 161
45 162
45 163
45 164
45 165
45 166
45 167
45 168
46 151
46 152
46 153
46 154
46 155
46 156
46 157
46 158
46 159
46 160
46 161
46 162
46 163
46 164
46 165
46 166
46 167
46 168
46 169
47 151
47 152
47 153
47 154
47 155
47 156
47 157
47 158
47 159
47 160
47 161
47 162
47 163
47 164
47 165
47 166
47 167
47 168
47 169
48 151
48 152
48 153
48 154
48 155
48 156
48 157
48 158
48 159
48 160
48 161
48 162
48 163
48 164
48 165
48 166
48 167
48 168
48 169
49 151
49 152
49 153
49 154
49 155
49 156
49 157
49 158
49 159
49 160
49 161
49 162
49 163
49 164
49 165
49 166
49 167
49 168
49 169
50 151
50 152
50 153
50 154
50 155
50 156
50 157
50 158
50 159
50 160
50 161
50 162
50 163
50 164
50 165
50 166
50 167
50 168
50 169
51 151
51 152
51 153
51 154
51 155
51 156
51 157
51 158
51 159
51 160
51 161
51 162
51 163
51 164
51 165
51 166
51 167
51 168
51 169
52 151
52 152
52 153
52 154
52 155
52 156
52 157
52 158
52 159
52 160
52 161
52 162
52 163
52 164
52 165
52 166
52 167
52 168
52 169
53 151
53 152
53 153
53 154
53 155
53 156
53 157
53 158
53 159
53 160
53 161
53 162
53 163
53 164
53 165
53 166
53 167
53 168
53 169
54 151
54 152
54 153
54 154
54 155
54 156
54 157
54 158
54 159
54 160
54 161
54 162
54 163
54 164
54 165
54 166
54 167
54 168
54 169
55 152
55 153
55 154
55 155
55 156
55 157
55 158
55 159
55 160
55 161
55 162
55 163
55 164
55 165
55 166
55 167
55 168
56 153
56 154
56 155
56 156
56 157
56 158
56 159
56 160
56 161
56 162
56 163
56 164
56 165
56 166
56 167
57 153
57 154
57 155
57 156
57 157
57 158
57 159
57 160
57 161
57 162
57 163
57 164
57 165
57 166
57 167
58 155
58 156
58 157
58 158
58 159
58 160
58 161
58 162
58 163
58 164
58 165
59 156
59 157
59 158
59 159
59 160
59 161
59 162
59 163
59 164
81 156
81 157
81 158
81 159
81 160
81 161
81 162
81 163
81 164
82 155
82 156
82 157
82 158
82 159
82 160
82 161
82 162
82 163
82 164
82 165
83 153
83 154
83 155
83 156
83 157
83 158
83 159
83 160
83 161
83 162
83 163
83 164
83 165
83 166
83 167
84 153
84 154
84 155
84 156
84 157
84 158
84 159
84 160
84 161
84 162
84 163
84 164
84 165
84 166
84 167
85 152
85 153
85 154
85 155
85 156
85 157
85 158
85 159
85 160
85 161
85 162
85 163
85 164
85 165
85 166
85 167
85 168
86 151
86 152
86 153
86 154
86 155
86 156
86 157
86 158
86 159
86 160
86 161
86 162
86 163
86 164
86 165
86 166
86 167
86 168
86 169
87 151
87 152
87 153
87 154
87 155
87 156
87 157
87 158
87 159
87 160
87 161
87 162
87 163
87 164
87 165
87 166
87 167
87 168
87 169
88 151
88 152
88 153
88 154
88 155
88 156
88 157
88 158
88 159
88 160
88 161
88 162
88 163
88 164
88 165
88 166
88 167
88 168
88 169
89 151
89 152
89 153
89 154
89 155
89 156
89 157
89 158
89 159
89 160
89 161
89 162
89 163
89 164
89 165
89 166
89 167
89 168
89 169
90 151
90 152
90 153
90 154
90 155
90 156
90 157
90 158
90 159
90 160
90 161
90 162
90 163
90 164
90 165
90 166
90 167
90 168
90 169
91 151
91 152
91 153
91 154
91 155
91 156
91 157
91 158
91 159
91 160
91 161
91 162
91 163
91 164
91 165
91 166
91 167
91 168
91 169
92 151
92 152
92 153
92 154
92 155
92 156
92 157
92 158
92 159
92 160
92 161
92 162
92 163
92 164
92 165
92 166
92 167
92 168
92 169
93 151
93 152
93 153
93 154
93 155
93 156
93 157
93 158
93 159
93 160
93 161
93 162
93 163
93 164
93 165
93 166
93 167
93 168
93 169
94 151
94 152
94 153
94 154
94 155
94 156
94 157
94 158
94 159
94 160
94 161
94 162
94 163
94 164
94 165
94 166
94 167
94 168
94 169
95 152
95 153
95 154
95 155
95 156
95 157
95 158
95 159
95 160
95 161
95 162
95 163
95 164
95 165
95 166
95 167
95 168
96 153
96 154
96 155
96 156
96 157
96 158
96 159
96 160
96 161
96 162
96 163
96 164
96 165
96 166
96 167
97 153
97 154
97 155
97 156
97 157
97 158
97 159
97 160
97 161
97 162
97 163
97 164
97 165
97 166
97 167
98 155
98 156
98 157
98 158
98 159
98 160
98 161
98 162
98 163
98 164
98 165
99 156
99 157
99 158
99 159
99 160
99 161
99 162
99 163
99 164
121 156
121 157
121 158
121 159
121 160
121 161
121 162
121 163
121 164
122 155
122 156
122 157
122 158
122 159
122 160
122 161
122 162
122 163
122 164
122 165
123 153
123 154
123 155
123 156
123 157
123 158
123 159
123 160
123 161
123 162
123 163
123 164
123 165
123 166
123 167
124 153
124 154
124 155
124 156
124 157
124 158
124 159
124 160
124 161
124 162
124 163
124 164
124 165
124 166
124 167
125 152
125 153
125 154
125 155
125 156
125 157
125 158
125 159
125 160
125 161
125 162
125 163
125 164
125 165
125 166
125 167
125 168
126 151
126 152
126 153
126 154
126 155
126 156
126 157
126 158
126 159
126 160
126 161
126 162
126 163
126 164
126 165
126 166
126 167
126 168
126 169
127 151
127 152
127 153
127 154
127 155
127 156
127 157
127 158
127 159
127 160
127 161
127 162
127 163
127 164
127 165
127 166
127 167
127 168
127 169
128 151
128 152
128 153
128 154
128 155
128 156
128 157
128 158
128 159
128 160
128 161
128 162
128 163
128 164
128 165
128 166
128 167
128 168
128 169
129 151
129 152
129 153
129 154
129 155
129 156
129 157
129 158
129 159
129 160
129 161
129 162
129 163
129 164
129 165
129 166
129 167
129 168
129 169
130 151
130 152
130 153
130 154
130 155
130 156
130 157
130 158
130 159
130 160
130 161
130 162
130 163
130 164
130 165
130 166
130 167
130 168
130 169
131 151
131 152
131 153
131 154
131 155
131 156
131 157
131 158
131 159
131 160
131 161
131 162
131 163
131 164
131 165
131 166
131 167
131 168
131 169
132 151
132 152
132 153
132 154
132 155
132 156
132 157
132 158
132 159
132 160
132 161
132 162
132 163
132 164
132 165
132 166
132 167
132 168
132 169
133 151
133 152
133 153
133 154
133 155
133 156
133 157
133 158
133 159
133 160
133 161
133 162
133 163
133 164
133 165
133 166
133 167
133 168
133 169
134 151
134 152
134 153
134 154
134 155
134 156
134 157
134 158
134 159
134 160
134 161
134 162
134 163
134 164
134 165
134 166
134 167
134 168
134 169
135 152
135 153
135 154
135 155
135 156
135 157
135 158
135 159
135 160
135 161
135 162
135 163
135 164
135 165
135 166
135 167
135 168
136 153
136 154
136 155
136 156
136 157
136 158
136 159
136 160
136 161
136 162
136 163
136 164
136 165
136 166
136 167
137 153
137 154
137 155
137 156
137 157
137 158
137 159
137 160
137 161
137 162
137 163
137 164
137 165
137 166
137 167
138 155
138 156
138 157
138 158
138 159
138 160
138 161
138 162
138 163
138 164
138 165
139 156
139 157
139 158
139 159
139 160
139 161
139 162
139 163
139 164
161 156
161 157
161 158
161 159
161 160
161 161
161 162
161 163
161 164
162 155
162 156
162 157
162 158
162 159
162 160
162 161
162 162
162 163
162 164
162 165
163 153
163 154
163 155
163 156
163 157
163 158
163 159
163 160
163 161
163 162
163 163
163 164
163 165
163 166
163 167
164 153
164 154
164 155
164 156
164 157
164 158
164 159
164 160
164 161
164 162
164 163
164 164
164 165
164 166
164 167
165 152
165 153
165 154
165 155
165 156
165 157
165 158
165 159
165 160
165 161
165 162
165 163
165 164
165 165
165 166
165 167
165 168
166 151
166 152
166 153
166 154
166 155
166 156
166 157
166 158
166 159
166 160
166 161
166 162
166 163
166 164
166 165
166 166
166 167
166 168
166 169
167 151
167 152
167 153
167 154
167 155
167 156
167 157
167 158
167 159
167 160
167 161
167 162
167 163
167 164
167 165
167 166
167 167
167 168
167 169
168 151
168 152
168 153
168 154
168 155
168 156
168 157
168 158
168 159
168 160
168 161
168 162
168 163
168 164
168 165
168 166
168 167
168 168
168 169
169 151
169 152
169 153
169 154
169 155
169 156
169 157
169 158
169 159
169 160
169 161
169 162
169 163
169 164
169 165
169 166
169 167
169 168
169 169
170 151
170 152
170 153
170 154
170 155
170 156
170 157
170 158
170 159
170 160
170 161
170 162
170 163
170 164
170 165
170 166
170 167
170 168
170 169
171 151
171 152
171 153
171 154
171 155
171 156
171 157
171 158
171 159
171 160
171 161
171 162
171 163
171 164
171 165
171 166
171 167
171 168
171 169
172 151
172 152
172 153
172 154
172 155
172 156
172 157
172 158
172 159
172 160
172 161
172 162
172 163
172 164
172 165
172 166
172 167
172 168
172 169
173 151
173 152
173 153
173 154
173 155
173 156
173 157
173 158
173 159
173 160
173 161
173 162
173 163
173 164
173 165
173 166
173 167
173 168
173 169
174 151
174 152
174 153
174 154
174 155
174 156
174 157
174 158
174 159
174 160
174 161
174 162
174 163
174 164
174 165
174 166
174 167
174 168
174 169
175 152
175 153
175 154
175 155
175 156
175 157
175 158
175 159
175 160
175 161
175 162
175 163
175 164
175 165
175 166
175 167
175 168
176 153
176 154
176 155
176 156
176 157
176 158
176 159
176 160
176 161
176 162
176 163
176 164
176 165
176 166
176 167
177 153
177 154
177 155
177 156
177 157
177 158
177 159
177 160
177 161
177 162
177 163
177 164
177 165
177 166
177 167
178 155
178 156
178 157
178 158
178 159
178 160
178 161
178 162
178 163
178 164
178 165
179 156
179 157
179 158
179 159
179 160
179 161
179 162
179 163
179 164
201 156
201 157
201 158
201 159
201 160
201 161
201 162
201 163
201 164
202 155
202 156
202 157
202 158
202 159
202 160
202 161
202 162
202 163
202 164
202 165
203 153
203 154
203 155
203 156
203 157
203 158
203 159
203 160
203 161
203 162
203 163
203 164
203 165
203 166
203 167
204 153
204 154
204 155
204 156
204 157
204 158
204 159
204 160
204 161
204 162
204 163
204 164
204 165
204 166
204 167
205 152
205 153
205 154
205 155
205 156
205 157
205 158
205 159
205 160
205 161
205 162
205 163
205 164
205 165
205 166
205 167
205 168
206 151
206 152
206 153
206 154
206 155
206 156
206 157
206 158
206 159
206 160
206 161
206 162
206 163
206 164
206 165
206 166
206 167
206 168
206 169
207 151
207 152
207 153
207 154
207 155
207 156
207 157
207 158
207 159
207 160
207 161
207 162
207 163
207 164
207 165
207 166
207 167
207 168
207 169
208 151
208 152
208 153
208 154
208 155
208 156
208 157
208 158
208 159
208 160
208 161
208 162
208 163
208 164
208 165
208 166
208 167
208 168
208 169
209 151
209 152
209 153
209 154
209 155
209 156
209 157
209 158
209 159
209 160
209 161
209 162
209 163
209 164
209 165
209 166
209 167
209 168
209 169
210 151
210 152
210 153
210 154
210 155
210 156
210 157
210 158
210 159
210 160
210 161
210 162
210 163
210 164
210 165
210 166
210 167
210 168
210 169
211 151
211 152
211 153
211 154
211 155
211 156
211 157
211 158
211 159
211 160
211 161
211 162
211 163
211 164
211 165
211 166
211 167
211 168
211 169
212 151
212 152
212 153
212 154
212 155
212 156
212 157
212 158
212 159
212 160
212 161
212 162
212 163
212 164
212 165
212 166
212 167
212 168
212 169
213 151
213 152
213 153
213 154
213 155
213 156
213 157
213 158
213 159
213 160
213 161
213 162
213 163
213 164
213 165
213 166
213 167
213 168
213 169
214 151
214 152
214 153
214 154
214 155
214 156
214 157
214 158
214 159
214 160
214 161
214 162
214 163
214 164
214 165
214 166
214 167
214 168
214 169
215 152
215 153
215 154
215 155
215 156
215 157
215 158
215 159
215 160
215 161
215 162
215 163
215 164
215 165
215 166
215 167
215 168
216 153
216 154
216 155
216 156
216 157
216 158
216 159
216 160
216 161
216 162
216 163
216 164
216 165
216 166
216 167
217 153
217 154
217 155
217 156
217 157
217 158
217 159
217 160
217 161
217 162
217 163
217 164
217 165
217 166
217 167
218 155
218 156
218 157
218 158
218 159
218 160
218 161
218 162
218 163
218 164
218 165
219 156
219 157
219 158
219 159
219 160
219 161
219 162
219 163
219 164
21 196
21 197
21 198
21 199
21 200
21 201
21 202
21 203
21 204
22 195
22 196
22 197
22 198
22 199
22 200
22 201
22 202
22 203
22 204
22 205
23 193
23 194
23 195
23 196
23 197
23 198
23 199
23 200
23 201
23 202
23 203
23 204
23 205
23 206
23 207
24 193
24 194
24 195
24 196
24 197
24 198
24 199
24 200
24 201
24 202
24 203
24 204
24 205
24 206
24 207
25 192
25 193
25 194
25 195
25 196
25 197
25 198
25 199
25 200
25 201
25 202
25 203
25 204
25 205
25 206
25 207
25 208
26 191
26 192
26 193
26 194
26 195
26 196
26 197
26 198
26 199
26 200
26 201
26 202
26 203
26 204
26 205
26 206
26 207
26 208
26 209
27 191
27 192
27 193
27 194
27 195
27 196
27 197
27 198
27 199
27 200
27 201
27 202
27 203
27 204
27 205
27 206
27 207
27 208
27 209
28 191
28 192
28 193
28 194
28 195
28 196
28 197
28 198
28 199
28 200
28 201
28 202
28 203
28 204
28 205
28 206
28 207
28 208
28 209
29 191
29 192
29 193
29 194
29 195
29 196
29 197
29 198
29 199
29 200
29 201
29 202
29 203
29 204
29 205
29 206
29 207
29 208
29 209
30 191
30 192
30 193
30 194
30 195
30 196
30 197
30 198
30 199
30 200
30 201
30 202
30 203
30 204
30 205
30 206
30 207
30 208
30 209
31 191
31 192
31 193
31 194
31 195
31 196
31 197
31 198
31 199
31 200
31 201
31 202
31 203
31 204
31 205
31 206
31 207
31 208
31 209
32 191
32 192
32 193
32 194
32 195
32 196
32 197
32 198
32 199
32 200
32 201
32 202
32 203
32 204
32 205
32 206
32 207
32 208
32 209
33 191
33 192
33 193
33 194
33 195
33 196
33 197
33 198
33 199
33 200
33 201
33 202
33 203
33 204
33 205
33 206
33 207
33 208
33 209
34 191
34 192
34 193
34 194
34 195
34 196
34 197
34 198
34 199
34 200
34 201
34 202
34 203
34 204
34 205
34 206
34 207
34 208
34 209
35 192
35 193
35 194
35 195
35 196
35 197
35 198
35 199
35 200
35 201
35 202
35 203
35 204
35 205
35 206
35 207
35 208
36 193
36 194
36 195
36 196
36 197
36 198
36 199
36 200
36 201
36 202
36 203
36 204
36 205
36 206
36 207
37 193
37 194
37 195
37 196
37 197
37 198
37 199
37 200
37 201
37 202
37 203
37 204
37 205
37 206
37 207
38 195
38 196
38 197
38 198
38 199
38 200
38 201
38 202
38 203
38 204
38 205
39 196
39 197
39 198
39 199
39 200
39 201
39 202
39 203
39 204
61 196
61 197
61 198
61 199
61 200
61 201
61 202
61 203
61 204
62 195
62 196
62 197
62 198
62 199
62 200
62 201
62 202
62 203
62 204
62 205
63 193
63 194
63 195
63 196
63 197
63 198
63 199
63 200
63 201
63 202
63 203
63 204
63 205
63 206
63 207
64 193
64 194
64 195
64 196
64 197
64 198
64 199
64 200
64 201
64 202
64 203
64 204
64 205
64 206
64 207
65 192
65 193
65 194
65 195
65 196
65 197
65 198
65 199
65 200
65 201
65 202
65 203
65 204
65 205
65 206
65 207
65 208
66 191
66 192
66 193
66 194
66 195
66 196
66 197
66 198
66 199
66 200
66 201
66 202
66 203
66 204
66 205
66 206
66 207
66 208
66 209
67 191
67 192
67 193
67 194
67 195
67 196
67 197
67 198
67 199
67 200
67 201
67 202
67 203
67 204
67 205
67 206
67 207
67 208
67 209
68 191
68 192
68 193
68 194
68 195
68 196
68 197
68 198
68 199
68 200
68 201
68 202
68 203
68 204
68 205
68 206
68 207
68 208
68 209
69 191
69 192
69 193
69 194
69 195
69 196
69 197
69 198
69 199
69 200
69 201
69 202
69 203
69 204
69 205
69 206
69 207
69 208
69 209
70 191
70 192
70 193
70 194
70 195
70 196
70 197
70 198
70 199
70 200
70 201
70 202
70 203
70 204
70 205
70 206
70 207
70 208
70 209
71 191
71 192
71 193
71 194
71 195
71 196
71 197
71 198
71 199
71 200
71 201
71 202
71 203
71 204
71 205
71 206
71 207
71 208
71 209
72 191
72 192
72 193
72 194
72 195
72 196
72 197
72 198
72 199
72 200
72 201
72 202
72 203
72 204
72 205
72 206
72 207
72 208
72 209
73 191
73 192
73 193
73 194
73 195
73 196
73 197
73 198
73 199
73 200
73 201
73 202
73 203
73 204
73 205
73 206
73 207
73 208
73 209
74 191
74 192
74 193
74 194
74 195
74 196
74 197
74 198
74 199
74 200
74 201
74 202
74 203
74 204
74 205
74 206
74 207
74 208
74 209
75 192
75 193
75 194
75 195
75 196
75 197
75 198
75 199
75 200
75 201
75 202
75 203
75 204
75 205
75 206
75 207
75 208
76 193
76 194
76 195
76 196
76 197
76 198
76 199
76 200
76 201
76 202
76 203
76 204
76 205
76 206
76 207
77 193
77 194
77 195
77 196
77 197
77 198
77 199
77 200
77 201
77 202
77 203
77 204
77 205
77 206
77 207
78 195
78 196
78 197
78 198
78 199
78 200
78 201
78 202
78 203
78 204
78 205
79 196
79 197
79 198
79 199
79 200
79 201
79 202
79 203
79 204
101 196
101 197
101 198
101 199
101 200
101 201
101 202
101 203
101 204
102 195
102 196
102 197
102 198
102 199
102 200
102 201
102 202
102 203
102 204
102 205
103 193
103 194
103 195
103 196
103 197
103 198
103 199
103 200
103 201
103 202
103 203
103 204
103 205
103 206
103 207
104 193
104 194
104 195
104 196
104 197
104 198
104 199
104 200
104 201
104 202
104 203
104 204
104 205
104 206
104 207
105 192
105 193
105 194
105 195
105 196
105 197
105 198
105 199
105 200
105 201
105 202
105 203
105 204
105 205
105 206
105 207
105 208
106 191
106 192
106 193
106 194
106 195
106 196
106 197
106 198
106 199
106 200
106 201
106 202
106 203
106 204
106 205
106 206
106 207
106 208
106 209
107 191
107 192
107 193
107 194
107 195
107 196
107 197
107 198
107 199
107 200
107 201
107 202
107 203
107 204
107 205
107 206
107 207
107 208
107 209
108 191
108 192
108 193
108 194
108 195
108 196
108 197
108 198
108 199
108 200
108 201
108 202
108 203
108 204
108 205
108 206
108 207
108 208
108 209
109 191
109 192
109 193
109 194
109 195
109 196
109 197
109 198
109 199
109 200
109 201
109 202
109 203
109 204
109 205
109 206
109 207
109 208
109 209
110 191
110 192
110 193
110 194
110 195
110 196
110 197
110 198
110 199
110 200
110 201
110 202
110 203
110 204
110 205
110 206
110 207
110 208
110 209
111 191
111 192
111 193
111 194
111 195
111 196
111 197
111 198
111 199
111 200
111 201
111 202
111 203
111 204
111 205
111 206
111 207
111 208
111 209
112 191
112 192
112 193
112 194
112 195
112 196
112 197
112 198
112 199
112 200
112 201
112 202
112 203
112 204
112 205
112 206
112 207
112 208
112 209
113 191
113 192
113 193
113 194
113 195
113 196
113 197
113 198
113 199
113 200
113 201
113 202
113 203
113 204
113 205
113 206
113 207
113 208
113 209
114 191
114 192
114 193
114 194
114 195
114 196
114 197
114 198
114 199
114 200
114 201
114 202
114 203
114 204
114 205
114 206
114 207
114 208
114 209
115 192
115 193
115 194
115 195
115 196
115 197
115 198
115 199
115 200
115 201
115 202
115 203
115 204
115 205
115 206
115 207
115 208
116 193
116 194
116 195
116 196
116 197
116 198
116 199
116 200
116 201
116 202
116 203
116 204
116 205
116 206
116 207
117 193
117 194
117 195
117 196
117 197
117 198
117 199
117 200
117 201
117 202
117 203
117 204
117 205
117 206
117 207
118 195
118 196
118 197
118 198
118 199
118 200
118 201
118 202
118 203
118 204
118 205
119 196
119 197
119 198
119 199
119 200
119 201
119 202
119 203
119 204
141 196
141 197
141 198
141 199
141 200
141 201
141 202
141 203
141 204
142 195
142 196
142 197
142 198
142 199
142 200
142 201
142 202
142 203
142 204
142 205
143 193
143 194
143 195
143 196
143 197
143 198
143 199
143 200
143 201
143 202
143 203
143 204
143 205
143 206
143 207
144 193
144 194
144 195
144 196
144 197
144 198
144 199
144 200
144 201
144 202
144 203
144 204
144 205
144 206
144 207
145 192
145 193
145 194
145 195
145 196
145 197
145 198
145 199
145 200
145 201
145 202
145 203
145 204
145 205
145 206
145 207
145 208
146 191
146 192
146 193
146 194
146 195
146 196
146 197
146 198
146 199
146 200
146 201
146 202
146 203
146 204
146 205
146 206
146 207
146 208
146 209
147 191
147 192
147 193
147 194
147 195
147 196
147 197
147 198
147 199
147 200
147 201
147 202
147 203
147 204
147 205
147 206
147 207
147 208
147 209
148 191
148 192
148 193
148 194
148 195
148 196
148 197
148 198
148 199
148 200
148 201
148 202
148 203
148 204
148 205
148 206
148 207
148 208
148 209
149 191
149 192
149 193
149 194
149 195
149 196
149 197
149 198
149 199
149 200
149 201
149 202
149 203
149 204
149 205
149 206
149 207
149 208
149 209
150 191
150 192
150 193
150 194
150 195
150 196
150 197
150 198
150 199
150 200
150 201
150 202
150 203
150 204
150 205
150 206
150 207
150 208
150 209
151 191
151 192
151 193
151 194
151 195
151 196
151 197
151 198
151 199
151 200
151 201
151 202
151 203
151 204
151 205
151 206
151 207
151 208
151 209
152 191
152 192
152 193
152 194
152 195
152 196
152 197
152 198
152 199
152 200
152 201
152 202
152 203
152 204
152 205
152 206
152 207
152 208
152 209
153 191
153 192
153 193
153 194
153 195
153 196
153 197
153 198
153 199
153 200
153 201
153 202
153 203
153 204
153 205
153 206
153 207
153 208
153 209
154 191
154 192
154 193
154 194
154 195
154 196
154 197
154 198
154 199
154 200
154 201
154 202
154 203
154 204
154 205
154 206
154 207
154 208
154 209
155 192
155 193
155 194
155 195
155 196
155 197
155 198
155 199
155 200
155 201
155 202
155 203
155 204
155 205
155 206
155 207
155 208
156 193
156 194
156 195
156 196
156 197
156 198
156 199
156 200
156 201
156 202
156 203
156 204
156 205
156 206
156 207
157 193
157 194
157 195
157 196
157 197
157 198
157 199
157 200
157 201
157 202
157 203
157 204
157 205
157 206
157 207
158 195
158 196
158 197
158 198
158 199
158 200
158 201
158 202
158 203
158 204
158 205
159 196
159 197
159 198
159 199
159 200
159 201
159 202
159 203
159 204
181 196
181 197
181 198
181 199
181 200
181 201
181 202
181 203
181 204
182 195
182 196
182 197
182 198
182 199
182 200
182 201
182 202
182 203
182 204
182 205
183 193
183 194
183 195
183 196
183 197
183 198
183 199
183 200
183 201
183 202
183 203
183 204
183 205
183 206
183 207
184 193
184 194
184 195
184 196
184 197
184 198
184 199
184 200
184 201
184 202
184 203
184 204
184 205
184 206
184 207
185 192
185 193
185 194
185 195
185 196
185 197
185 198
185 199
185 200
185 201
185 202
185 203
185 204
185 205
185 206
185 207
185 208
186 191
186 192
186 193
186 194
186 195
186 196
186 197
186 198
186 199
186 200
186 201
186 202
186 203
186 204
186 205
186 206
186 207
186 208
186 209
187 191
187 192
187 193
187 194
187 195
187 196
187 197
187 198
187 199
187 200
187 201
187 202
187 203
187 204
187 205
187 206
187 207
187 208
187 209
188 191
188 192
188 193
188 194
188 195
188 196
188 197
188 198
188 199
188 200
188 201
188 202
188 203
188 204
188 205
188 206
188 207
188 208
188 209
189 191
189 192
189 193
189 194
189 195
189 196
189 197
189 198
189 199
189 200
189 201
189 202
189 203
189 204
189 205
189 206
189 207
189 208
189 209
190 191
190 192
190 193
190 194
190 195
190 196
190 197
190 198
190 199
190 200
190 201
190 202
190 203
190 204
190 205
190 206
190 207
190 208
190 209
191 191
191 192
191 193
191 194
191 195
191 196
191 197
191 198
191 199
191 200
191 201
191 202
191 203
191 204
191 205
191 206
191 207
191 208
191 209
192 191
192 192
192 193
192 194
192 195
192 196
192 197
192 198
192 199
192 200
192 201
192 202
192 203
192 204
192 205
192 206
192 207
192 208
192 209
193 191
193 192
193 193
193 194
193 195
193 196
193 197
193 198
193 199
193 200
193 201
193 202
193 203
193 204
193 205
193 206
193 207
193 208
193 209
194 191
194 192
194 193
194 194
194 195
194 196
194 197
194 198
194 199
194 200
194 201
194 202
194 203
194 204
194 205
194 206
194 207
194 208
194 209
195 192
195 193
195 194
195 195
195 196
195 197
195 198
195 199
195 200
195 201
195 202
195 203
195 204
195 205
195 206
195 207
195 208
196 193
196 194
196 195
196 196
196 197
196 198
196 199
196 200
196 201
196 202
196 203
196 204
196 205
196 206
196 207
197 193
197 194
197 195
197 196
197 197
197 198
197 199
197 200
197 201
197 202
197 203
197 204
197 205
197 206
197 207
198 195
198 196
198 197
198 198
198 199
198 200
198 201
198 202
198 203
198 204
198 205
199 196
199 197
199 198
199 199
199 200
199 201
199 202
199 203
199 204
